$ANSIBLE_VAULT;1.1;AES256
66623463343865626331303962613133383638366436396236613061346333633532633237626235
6332366534356261363064383030316539613566346264390a646533653838653930313664343033
39613562323965373831656562663438376561643936316564393961623733656630306432383838
6464653136376638310a336532396433323136343566393230356332323639393637363638396538
62653533373337353231653564313962383766613336656433346362356662646364613739396438
36323262383833373966643063626361656439356665316432366633346637633335633130333664
66656138336564333732343539323964646139303932653634323833376237656231386130623366
62346163653136376331383130626232363439626135386333366439643562623030313565333731
63656533336336333938376638613335633333383466306134636630626261373536323166306561
31386531383635323463613033633037626534306530363534323338653436306535636136643961
31353233643831376632393763323433313632363237393164383939373066313261363062373530
39653832616531306138346230323634363661643763333061633666326636663534323231343530
30396635323264353364613131613064336561383532633432346537643435613361356337306234
35373834353865636266353061326436323539326236326433383631306162626434363264646539
32626665333261306362646432306362333636303934393766663134393934333863386335633063
34353066376239383864366562333037663666613736306665353431393637643034306432623737
33323935343766323961643532323738393065616638363832303934643530626162613338333662
32666635323038326237326637666533373231373335303536356638376538646566643039323361
38393433616336393737656638393533363663396562623138653837313439666661353534633861
65363532623663333465643230623762633463376266616232656666613061383434396365653736
39393365613639393238633535373134613563343936643763316638643935363037393131303839
39376537316264323134623337653965363564636139643138633461396637666239376231636638
33336435613039336536383465383961666365366432333034316336336162643935353963353565
36343034343666646339383931336134663762313265346231666237353137616666653833303365
38346564396134646239376135666533663566613832663836383934396535343737323562303935
66383532663534333861313666636430613337376132653735653235666664333237306264303330
343138306665633961656539633261343832
